20,wave
22,2,0
55,3,1
85,4,1
98,2,1
99,0,0
125,0,2
153,1,1
157,4,0
183,2,1
185,2,6
200,4,1
205,3,7
215,1,0
220,0,8
240,wave
251,2,4
251.1,4,0
251.2,1,1
251.3,0,3
251.6,2,8
251.7,4,1
251.9,3,6
262,3,0
263,2,1
284,3,5
284.3,1,1
284.6,0,0
284.9,2,0
296,4,3
296.3,1,7
296.6,0,6
296.9,2,8
311.2,1,1
311.5,3,2
311.7,2,0
311.9,4,4
322.1,0,1
322.3,3,0
322.6,2,7
322.9,4,8
335,1,5
335.2,4,2
335.3,3,1
335.4,2,0
335.7,4,1
335.8,0,0
347.1,1,1
347.3,2,3
347.4,4,6
347.5,0,8
347.7,2,4
347.8,3,1
347.9,1,0
360.2,4,0
360.4,2,0
360.6,3,1
360.8,1,7
371.1,0,6
371.3,3,4
371.5,2,1
371.7,4,0
371.9,1,1
412,lastwave
413,2,1
414,4,0
416.1,1,1
416.2,2,2
416.3,4,3
416.4,0,7
416.5,2,6
416.6,4,8
416.7,1,1
416.8,2,2
421.1,0,0
421.4,4,4
421.7,3,6
421.9,2,0
430.1,1,7
430.4,4,5
430.6,3,1
430.9,0,3